{
 "cells": [
  {
   "cell_type": "code",
   "execution_count": 7,
   "metadata": {},
   "outputs": [
    {
     "name": "stdout",
     "output_type": "stream",
     "text": [
      "<class 'numpy.ndarray'>\n",
      "float64\n"
     ]
    }
   ],
   "source": [
    "import numpy as np\n",
    "array_int = np.array([1,2,3])\n",
    "array_float = array_int.astype('float64')\n",
    "print(type(array_float))\n",
    "print(array_float.dtype)"
   ]
  },
  {
   "cell_type": "code",
   "execution_count": 9,
   "metadata": {},
   "outputs": [
    {
     "name": "stdout",
     "output_type": "stream",
     "text": [
      "[[1 1]\n",
      " [1 1]\n",
      " [1 1]]\n",
      "[[0 0]\n",
      " [0 0]\n",
      " [0 0]]\n"
     ]
    }
   ],
   "source": [
    "one_array = np.ones((3,2))\n",
    "zero_array = np.zeros((3,2))\n",
    "print(one_array.astype('int32'))\n",
    "print(zero_array.astype('int32'))"
   ]
  },
  {
   "cell_type": "code",
   "execution_count": 3,
   "metadata": {},
   "outputs": [],
   "source": [
    "import numpy as np\n",
    "from numpy.linalg import svd\n",
    "\n",
    "A = np.array([[1, 0, 0],[0, 2, 1],[0, 1, 1],[4, 0, 1]])\n",
    "U, S, VT = svd(A)"
   ]
  },
  {
   "cell_type": "code",
   "execution_count": 4,
   "metadata": {},
   "outputs": [
    {
     "data": {
      "text/plain": [
       "array([[-0.22601997, -0.07296014,  0.46510113, -0.85280287],\n",
       "       [-0.09137373,  0.84644465,  0.47929924,  0.21320072],\n",
       "       [-0.07702886,  0.51707108, -0.73816385, -0.42640143],\n",
       "       [-0.96676387, -0.10414306, -0.09522241,  0.21320072]])"
      ]
     },
     "execution_count": 4,
     "metadata": {},
     "output_type": "execute_result"
    }
   ],
   "source": [
    "U"
   ]
  },
  {
   "cell_type": "code",
   "execution_count": 7,
   "metadata": {},
   "outputs": [
    {
     "data": {
      "text/plain": [
       "array([[4.25550856, 0.        , 0.        ],\n",
       "       [0.        , 2.59028692, 0.        ],\n",
       "       [0.        , 0.        , 0.42551218],\n",
       "       [0.        , 0.        , 0.        ]])"
      ]
     },
     "execution_count": 7,
     "metadata": {},
     "output_type": "execute_result"
    }
   ],
   "source": [
    "np.diag(S, 1)[:, 1:]"
   ]
  },
  {
   "cell_type": "code",
   "execution_count": 6,
   "metadata": {},
   "outputs": [
    {
     "data": {
      "text/plain": [
       "array([[-0.96182991, -0.06104472, -0.26675224],\n",
       "       [-0.1889877 ,  0.85317204,  0.48619041],\n",
       "       [ 0.1979062 ,  0.51804538, -0.83214309]])"
      ]
     },
     "execution_count": 6,
     "metadata": {},
     "output_type": "execute_result"
    }
   ],
   "source": [
    "VT"
   ]
  },
  {
   "cell_type": "code",
   "execution_count": null,
   "metadata": {},
   "outputs": [],
   "source": []
  }
 ],
 "metadata": {
  "kernelspec": {
   "display_name": "Python 3",
   "language": "python",
   "name": "python3"
  },
  "language_info": {
   "codemirror_mode": {
    "name": "ipython",
    "version": 3
   },
   "file_extension": ".py",
   "mimetype": "text/x-python",
   "name": "python",
   "nbconvert_exporter": "python",
   "pygments_lexer": "ipython3",
   "version": "3.7.4"
  }
 },
 "nbformat": 4,
 "nbformat_minor": 2
}
